====== begin evaluating ======
num_eval_batches:20, batch_size:250
image size:  torch.Size([250, 3, 224, 224])
image: tensor([0.5137, 0.5264, 0.7062, 0.6256, 0.4279, 0.6642, 0.4142, 0.5095, 0.3200,
        0.4937, 0.5567, 0.4610, 0.4335, 0.5254, 0.7120, 0.9817, 0.8394, 0.5586,
        0.8261, 0.6293, 0.5454, 0.7013, 0.8067, 0.6043, 0.6414, 0.5897, 0.4841,
        0.9025, 0.6826, 0.9126, 0.8085, 0.5572, 0.8499, 0.5841, 0.5590, 0.6242,
        0.4184, 0.6516, 0.5541, 0.6446, 0.6877, 0.5597, 0.5812, 0.5388, 0.4038,
        0.4187, 0.5403, 0.6529, 0.6718, 0.5778, 0.4594, 0.3307, 0.3425, 0.3647,
        0.5511, 0.4989, 0.5814, 0.5591, 0.4810, 0.5025, 0.3472, 0.4232, 0.4723,
        0.4201, 0.4037, 0.4786, 0.7119, 0.4148, 0.5716, 0.5218, 0.4189, 0.7631,
        0.5829, 0.3480, 0.4181, 0.3580, 0.3497, 0.4404, 0.4623, 0.5270, 0.8672,
        0.4538, 0.5092, 0.4979, 0.3951, 0.3877, 0.3498, 0.4145, 0.3595, 0.6578,
        0.6469, 0.3843, 0.6324, 0.4752, 0.7646, 0.9656, 0.5686, 0.6655, 0.7322,
        0.7410, 0.4334, 0.4402, 0.4832, 0.8071, 0.5259, 0.7569, 0.7950, 0.6696,
        0.6226, 0.6002, 0.6218, 0.6422, 0.8057, 0.6852, 0.8648, 0.6684, 0.6779,
        0.6340, 0.6201, 0.5625, 0.8211, 0.6423, 0.7476, 0.4515, 0.6322, 0.7991,
        0.8556, 0.8127, 0.6461, 0.8069, 0.6227, 0.7640, 0.4672, 0.6447, 0.5846,
        0.7097, 0.7389, 0.6213, 0.8166, 0.7091, 0.6418, 0.7595, 0.7274, 0.7811,
        0.9872, 0.5288, 0.7014, 0.6762, 0.5253, 0.5748, 0.6861, 0.7451, 0.6279,
        0.5738, 0.7923, 0.6152, 0.6457, 0.6444, 0.6610, 0.6759, 0.6169, 0.6159,
        0.6423, 0.6831, 0.6486, 0.6420, 0.5418, 0.5701, 0.6846, 0.6675, 0.6930,
        0.5628, 0.6203, 0.6648, 0.7011, 0.7209, 0.7027, 0.6898, 0.7611, 0.5685,
        0.6181, 0.6559, 0.6218, 0.6870, 0.4935, 0.7058, 0.5365, 0.7690, 0.5003,
        0.6000, 0.7189, 0.6181, 0.6726, 0.6117, 0.6787, 0.5303, 0.5799, 0.5839,
        0.6785, 0.6605, 0.7173, 0.6897, 0.5687, 0.4937, 0.7494, 0.6552, 0.5618,
        0.5532, 0.4930, 0.5474, 0.7015, 0.7268, 0.5515, 0.7253, 0.7176, 0.6259,
        0.7659, 0.7362, 0.5772, 0.7106, 0.7088, 0.6637, 0.8139, 0.7348])
batch: 0, acc1: 38.40
number of image 5000 :Evaluation accuracy: 38.40
