conv1.weight
tensor([[[[   0,    0,    0,  ...,    0,    0,    0],
          [   0,    0,    0,  ...,    0,    0,    0],
          [   0,    0,    0,  ...,    0,    0,    0],
          ...,
          [   0,    0,    0,  ...,    0,    0,    0],
          [   0,    0,    0,  ...,    0,    0,    0],
          [   0,    0,    0,  ...,    0,    0,    0]],

         [[   0,    0,    0,  ...,    0,    0,    0],
          [   0,    0,    0,  ...,    0,    0,    0],
          [   0,    0,    0,  ...,    0,    0,    0],
          ...,
          [   0,    0,    0,  ...,    0,    0,    0],
          [   0,    0,    0,  ...,    0,    0,    0],
          [   0,    0,    0,  ...,    0,    0,    0]],

         [[   0,    0,    0,  ...,    0,    0,    0],
          [   0,    0,    0,  ...,    0,    0,    0],
          [   0,    0,    0,  ...,    0,    0,    0],
          ...,
          [   0,    0,    0,  ...,    0,    0,    0],
          [   0,    0,    0,  ...,    0,    0,    0],
          [   0,    0,    0,  ...,    0,    0,    0]]],


        [[[  -7,    7,   27,  ...,  -13,  -10,    0],
          [   6,   34,   41,  ...,  -26,   -8,    2],
          [  26,   40,   22,  ...,  -69,  -12,    3],
          ...,
          [ -16,  -21,  -60,  ...,  -55,   82,   72],
          [ -10,   -3,  -13,  ...,   73,  126,   42],
          [   1,    5,    3,  ...,   70,   52,  -40]],

         [[  -1,   -1,   -3,  ...,   -4,    5,    1],
          [   1,    1,   -1,  ...,   -2,    3,    2],
          [  -2,    4,   -2,  ...,   -3,    9,   -2],
          ...,
          [  -6,   -2,   -5,  ...,   -9,   10,   -1],
          [   4,    5,    4,  ...,    3,   10,    1],
          [   2,    2,   -1,  ...,   -2,    7,   -6]],

         [[   3,   -4,  -13,  ...,    2,    6,    0],
          [  -5,  -13,  -16,  ...,   11,    4,   -1],
          [ -14,  -14,  -15,  ...,   23,    7,   -6],
          ...,
          [   6,   10,   24,  ...,    8,  -20,  -25],
          [   2,    2,    5,  ...,  -25,  -36,  -17],
          [  -1,   -1,   -5,  ...,  -30,  -14,   12]]],


        [[[ -16,    2,    9,  ...,   -2,   -2,    6],
          [  -4,    1,  -17,  ...,  -15,   -3,   23],
          [  10,   -7,  -51,  ...,  -72,  -49,    9],
          ...,
          [   8,  -10,  -74,  ...,  -78,  -82,  -22],
          [  -3,  -11,  -47,  ...,  -87,  -72,  -17],
          [  -1,   16,    2,  ...,  -44,  -27,    1]],

         [[   0,    6,   11,  ...,  -16,   -9,   10],
          [   4,   -8,  -35,  ...,  -41,  -25,    9],
          [   1,  -17,  -58,  ...,  -83,  -51,  -18],
          ...,
          [  -9,  -18,  -74,  ...,  -94,  -80,  -50],
          [   2,  -17,  -54,  ...,  -93,  -72,  -24],
          [   3,    4,  -17,  ...,  -69,  -37,   -2]],

         [[ -12,    2,    5,  ...,   -2,    1,    0],
          [  -5,   -5,   -7,  ...,    0,    0,    8],
          [   8,   -6,  -35,  ...,  -46,  -28,    8],
          ...,
          [  -1,   -1,  -62,  ...,  -76,  -61,  -30],
          [   0,   -4,  -32,  ...,  -70,  -52,  -14],
          [   4,   12,    7,  ...,  -44,  -24,   -4]]],


        ...,


        [[[   3,   -4,    1,  ...,    8,    0,   -2],
          [   2,   11,  -22,  ...,    5,   -3,    0],
          [  -8,   41,  -75,  ...,  -16,    2,   -1],
          ...,
          [  -7,   33,  -61,  ...,  -22,    7,   -3],
          [   1,    8,  -13,  ...,    2,   -1,    1],
          [   4,   -8,    5,  ...,    6,   -4,    0]],

         [[   4,   -8,    4,  ...,    9,   -5,    2],
          [   4,    6,  -26,  ...,   -1,   -6,    0],
          [  -3,   41,  -95,  ...,  -29,   -4,    4],
          ...,
          [  -5,   37,  -86,  ...,  -27,    3,   -1],
          [   3,    5,  -20,  ...,   -1,   -3,    2],
          [   6,   -9,    6,  ...,    5,   -2,   -1]],

         [[   4,   -8,    6,  ...,    5,   -5,    0],
          [   4,   -2,   -9,  ...,   -5,   -2,    1],
          [  -7,   25,  -51,  ...,  -30,    4,    2],
          ...,
          [  -7,   24,  -44,  ...,  -26,    3,    1],
          [  -1,   -2,   -6,  ...,   -3,   -3,    1],
          [   7,   -9,    6,  ...,    5,   -2,    0]]],


        [[[  -5,   -7,    0,  ...,    3,   -3,   -2],
          [   4,   -6,  -23,  ...,   30,   20,    4],
          [  10,   19,   -7,  ...,  -68,    4,   17],
          ...,
          [ -15,  -27,  -30,  ...,  127,   50,  -15],
          [  -2,   -2,  -36,  ...,  -24,   32,   33],
          [   2,    7,   18,  ...,  -29,  -23,    0]],

         [[   1,   -1,    4,  ...,   -3,   -6,    2],
          [   1,   -6,  -17,  ...,   23,   12,   -3],
          [   1,   12,   -7,  ...,  -48,   10,   14],
          ...,
          [  -6,  -19,  -29,  ...,   98,   44,   -8],
          [  -3,   -1,  -25,  ...,  -26,   19,   19],
          [   1,    3,   16,  ...,  -17,  -14,   -1]],

         [[   2,    0,    0,  ...,   -2,    1,    2],
          [   1,   -2,   -2,  ...,    8,   -3,   -8],
          [  -5,    3,   -2,  ...,   -6,   15,    5],
          ...,
          [   1,   -4,  -15,  ...,   23,   11,   -4],
          [   0,    7,    2,  ...,  -12,    3,    2],
          [  -1,   -3,    3,  ...,   -1,   -1,   -1]]],


        [[[  -2,   -1,    0,  ...,    1,    2,   -1],
          [   0,    2,    1,  ...,    0,   -2,    0],
          [   0,   -3,   -8,  ...,  -19,  -20,   -8],
          ...,
          [  -1,    6,   24,  ...,  102,   80,   24],
          [   3,    5,   -2,  ...,  -86,  -92,  -50],
          [  -3,   -5,   -7,  ...,   -1,    8,   10]],

         [[  -1,    0,    1,  ...,    2,    2,   -2],
          [   2,    0,    1,  ...,   -1,   -2,   -3],
          [  -2,   -4,  -11,  ...,  -26,  -26,  -10],
          ...,
          [   3,   10,   28,  ...,  127,  101,   31],
          [  -2,   -1,   -8,  ..., -106, -114,  -68],
          [   0,   -2,   -5,  ...,   -3,   11,   10]],

         [[  -1,    1,    1,  ...,   -1,    1,   -1],
          [  -2,   -1,    0,  ...,    1,    1,   -1],
          [   0,   -2,   -2,  ...,   -8,  -11,   -6],
          ...,
          [   0,    4,    6,  ...,   52,   42,   14],
          [   2,   -2,   -4,  ...,  -42,  -44,  -24],
          [  -4,   -2,   -2,  ...,    7,   12,    4]]]], dtype=torch.int8)