features.0.weight
tensor([[[[ -92,   24,   88],
          [ -97,   59,  127],
          [-115,   -8,   81]],

         [[  29,    2,  -14],
          [   7,  -12,  -43],
          [  22,  -29,  -22]],

         [[  52,  -28,  -71],
          [  79,  -14,  -81],
          [ 105,    3,  -46]]],


        [[[  35,   19,   28],
          [ -65,  -37,   37],
          [ -38,   21,   -1]],

         [[ -21,  -33,   23],
          [-127,  -53,   85],
          [ -37,   79,   82]],

         [[ -48,  -56,  -20],
          [ -71,  -23,   52],
          [   8,   89,   75]]],


        [[[  21,   62,    1],
          [ -32,  -85,   37],
          [  -9,  -26,   40]],

         [[  37,   80,    2],
          [ -56, -127,   40],
          [ -10,  -36,   65]],

         [[  38,   50,  -42],
          [  10,  -55,    1],
          [  12,  -17,   -2]]],


        ...,


        [[[  40,   66,   17],
          [ 114,  127,  -24],
          [  24,   15,    9]],

         [[ -95,  -35,   -4],
          [ -25,    4,  -67],
          [ -33,  -33,   23]],

         [[-116,  -62,  -12],
          [ -51,   -8,    0],
          [ -14,    1,   74]]],


        [[[  11,  -21,   -3],
          [ -45, -128,  -93],
          [ -46, -120, -114]],

         [[  28,  -44,   -5],
          [   8,  -98,  -81],
          [   7,  -68,  -77]],

         [[  83,   56,   86],
          [ 115,   74,   78],
          [  96,   65,   68]]],


        [[[   9,  -30,  -73],
          [  77,  -10,  -71],
          [  97,    8,  -15]],

         [[  69,   43,  -48],
          [ 109,    9,  -97],
          [  53,  -55,  -82]],

         [[ 127,  120,   79],
          [  45,  -16,  -53],
          [ -54, -126, -118]]]], dtype=torch.int8)