====== Begin Evaluation ======
Data:  0.3098
 0.3255
 0.6941
 0.6784
 0.4431
 0.7059
 0.4941
 0.4157
 0.3294
 0.5176
 0.3922
 0.2235
 0.2980
 0.4549
 0.6667
 0.9451
 0.7176
 0.2235
 0.4510
 0.2627
 0.5843
 0.4431
 0.6431
 0.5882
 0.3569
 0.5765
 0.2471
 0.5647
 0.4902
 0.4824
 0.3529
 0.2588
 0.3373
 0.2745
 0.3922
 0.4941
 0.3412
 0.7255
 0.5294
 0.6980
 0.3569
 0.2784
 0.3843
 0.2275
 0.3608
 0.1529
 0.3216
 0.3686
 0.4157
 0.3294
 0.2275
 0.2235
 0.1490
 0.3176
 0.3333
 0.4510
 0.3765
 0.4863
 0.3765
 0.4235
 0.2353
 0.4078
 0.3216
 0.4235
 0.3255
 0.4745
 0.5686
 0.4392
 0.4431
 0.5451
 0.3608
 0.7137
 0.6118
 0.2196
 0.5529
 0.2863
 0.2902
 0.3961
 0.3137
 0.3922
 0.5333
 0.3059
 0.3294
 0.2667
 0.3098
 0.2275
 0.2118
 0.2392
 0.4000
 0.6078
 0.5020
 0.3569
 0.3608
 0.3255
 0.5412
 0.7804
 0.4549
 0.3098
 0.5843
 0.5451
 0.4196
 0.3922
 0.4039
 0.7529
 0.3922
 0.3098
 0.4863
 0.3098
 0.3490
 0.3451
 0.3255
 0.5804
 0.6627
 0.6118
 0.5608
 0.4784
 0.5020
 0.5294
 0.4824
 0.4941
 0.5608
 0.4980
 0.5490
 0.4392
 0.5686
 0.6000
 0.8235
 0.7765
 0.5804
 0.7020
 0.4588
 0.4667
 0.4196
 0.4706
 0.4392
 0.4118
 0.5843
 0.3569
 0.6039
 0.5490
 0.3961
 0.5216
 0.5569
 0.5647
 0.7098
 0.5176
 0.5882
 0.5294
 0.5137
 0.5529
 0.5686
 0.6235
 0.5647
 0.5176
 0.5922
 0.5686
 0.5294
 0.5647
 0.5922
 0.5333
 0.5490
 0.5804
 0.5412
 0.5686
 0.5882
 0.5373
 0.4902
 0.5529
 0.5725
 0.5961
 0.5647
 0.5333
 0.5961
 0.5725
 0.6000
 0.6196
 0.5882
 0.6784
 0.6118
 0.5922
 0.5686
 0.5843
 0.6235
 0.5843
 0.4941
 0.6667
 0.5216
 0.7843
 0.5412
 0.6078
 0.6431
 0.5922
 0.6118
 0.6118
 0.6275
 0.5412
 0.6157
 0.5686
 0.6510
 0.6510
 0.6824
 0.6549
 0.6118
 0.5529
 0.7451
 0.7020
 0.5765
 0.5961
 0.4745
 0.5490
 0.7020
 0.7294
 0.5843
 0.7294
 0.7333
 0.6392
 0.7725
 0.7490
 0.5922
 0.7216
 0.7020
 0.6627
 0.8118
 0.7412
[ CPUFloatType{224} ]
Data size: [250, 3, 224, 224]
Data type: TensorOptions(dtype=float, device=cpu, layout=Strided, requires_grad=false (default), pinned_memory=false (default), memory_format=(nullopt))
batch: 0, acc1: 18.00
