  15   -3   -5    4  -50   24   -4   12   21
   0   21    7    5   21    2   -9  -26  -17
  27   18    6   10  -13  -23   14  -28   -2
  -4    3    6    0   20   21   -2    5    2
 -10   -9   -5    3    9   10    3   23    0
   3    3   -5  -18  -48  -10   -5   56    0
 -11  -18   -3  -15    3   10    2   21    6
   5   34    9    3  -21   -7    0  -20   -8
  -6   -8   -8   -5   -3   -2   -6   -8   -6
  -3   -4   -1   -3   31   -1   -2    1   -3
   0   -2    0   -2  -46  -32   -1   59    9
  -8  -15   -6  -18   57  -11   -2  -19  -11
 -24   -9    9  -12   65   -5    3   -1  -34
   4    7    2   25    2  -20    3   -9  -10
   7   14    8   10  -52    2    7    4   11
   2   -1   19   -1   -9    3   17    1    0
  -8  -17   -8  -18   57   -2   -9    1  -15
  -4   -2    6  -24   -3   29   -8    1    7
  18   17    2    9  -33   -2    6   -3   -1
  -8  -26   -5    0   -3    0    6   28    5
   0    4   -4   64  -60   -4    8   -3   -8
  -5  -16   -9  -16   45   -7  -11  -11   -5
  -5   -9   -4   -9   40   -6   -2   -6   -6
  -7  -11   -3  -10   33  -12   -4   -6  -13
  -8  -24   -6   -1   -9   -2   13   32    6
  -6   -6   -4   72  -64   -2   11  -24    4
  -3    7  -11    3   46   12   -9   12  -11
  20   14    4    7  -22   -5    0  -11   -4
  -6   10    7    5   33  -24   11  -17   -8
  -2    3    2  -20   21  -18   -4    1   -7
  -1   -7   -6   -5   -4   -8   -3  -10   -5
   6   13   -2    9   27  -26    2   -8  -16
   4   15    7   14  -59   10   10    5    9
   3   15    4   43  -93   29   10   -6   12
  -4   20   -5    8   -2    9   -4   18   -3
   0    2    1  -13  -12   -9    5   58  -16
   0   20   14  -24  -25   39    4  -29    2
  -6  -17   -7  -16   57  -14   -6  -15   -4
  16  -17   -5   41  -30  -17   12   -3   -8
  -3    2    9  -10   -5   28   -5  -13    2
   7   -6    5   -6  -16  -13    4   -8    5
   6    9    6    6  -39    6    5    5    6
   8   -8   -2   85  -66  -21    9  -19    6
 -17  -10  -14    6   27   10   -1   -2   -3
  -4   -1  -10    7   22  -33    8   -7    3
  11    1   -2   28   -9  -22    6  -11   -4
   8  -12   -4  -35   70  -25  -14   -4    1
   3   26    6  -24    6   19   -6  -24   -3
   4   -4    5   -8  -79  -12    3   79    7
  -4  -18    0    9  -21  -11   14   26    0
  -5  -12    1    8  -23  -11    8   30    3
   1   11   12    9   13  -43  -10  -17   17
  -9   -2   10  -24   -3   28   -9   -2   11
  -5   -2   -5    1   34    4   -4    3   -5
   4  -14   -1    0  -81   81   16  -19   -7
   5  -15    1   -8  -45   38   -7    5   27
  -7  -10   -8   -5   38   -6   -8   -3   -7
   3  -12  -16  -16   51  -10  -11  -16    3
  -1  -10    3  -20   36  -20   -3   -5   -7
  -5  -21  -11    8   16    1   -2    9    4
   7   -4   -3   -7  -92   92    1   -8    3
  -4   -5   -7   -4   45   -4   -6   -3   -8
  -6  -17   -5    4  -12   -9    9   27    7
  -3    0    9  -14  -42   50    0  -14   12
  -4    0   -3   -1   -6   -5    0   -4   -4
   5   -6    1   -7  -44  -11   -3  -11   -2
   9   32    8   -2  -18  -12   -2  -14   -1
 -16  -17    7   29  -32   15   25  -25   -3
  -4  -11   -4   -8   39   -4   -6   -2   -6
   0  -13    1  -10   43   -6   -2   -9   -1
  -4   -5   11   -3  -54   50   -4  -12   16
   2    0    1   -2   51    5    0    4    4
  -3   -2   -2   -7   -4  -10   -3   -9   -4
  -2   -6   -3   -8    0   -6   -5   -1   -5
   0   -9    1   -6   -1  -11   -3   -7   -5
  -8   -4   -8   -1  -37  -13    9   53   12
  -3   52   27   -7  -42  -27    1  -10   -1
   5   -2   -6   38   -5  -32    9   -2   -5
   3  -22   -2   -4   10    3   -1   -5   -4
  -8  -23   -7   -8   54   -6   -7   -5   -9
  -5  -13   -5  -17  -11   17   -1   16   14
   3   -5    3   -7  -11   -8    1   -1    2
   3   12  -11   20   27  -12    2    4  -16
 -14  -11   -9  -13   42   -7  -10  -11  -15
   3    2   -3    1   34    8   -2    8    5
   3  -12    1  -10   -1   -9   -1  -10   -7
 -13   18    2   18   20   14    1   11   -5
   3   28    8  -14  -31  -23    0   26    1
   2   -5    2   16    4  -12  -10    4   28
  -4   -3    6  -26   -1   28   -9    5    4
   1   17    2   -5   21   14  -19   -8   -3
 -37   24  -43   52  127   37  -37   17  -52
   8   19    7   -4    5    2   -4  -23   -9
  -3  -19   -7  -22   53  -13   -8   -8  -10
  -1   -2   -3   -3  -12   -8   -6   -7    3
   0  -19   -3    1   29    1   -4  -18   -3
  -1   11    2  -11  -38  -19    2   29    5
 -40  -12   19   -4   77   15   23    3  -51
  -5    1    3  -24   -3   27  -10    0   11
   6   39    8   -4   -7   -3   -4  -31   -5
  -1    8   -4  -18   34  -19   -5   11   -4
   4    3  -15   -2  -13   53   -3  -20   10
   2   -9    7   -4  -12   -6   -1  -12    2
   0  -16   -3  -17  -22   15    2   26   13
  -4    2   -5    3   40    5   -2    4   -1
  -1   10   -9    7   22   11   -6   10    2
  -2  -11   -2   -9   20   -8   -4   -8   -4
   4   -1   -3   24   -1  -23    7   -2   -6
  -8   -1   -8   -8   19  -12   -2   -8   -9
   2   -3    4   -2  -64   25    4   28   17
   5  -17   12    3   12   12    1   12   10
   4   -1   -3   35   -4  -30    8   -4   -4
   4    6   -7   17   10  -20    8   -6   -9
  -1   -4   -1    0  -45   -5   -1   -6   -1
   4  -25    4   10  -17   16    0   -8   -6
  -5  -15   -2  -11   34   -4   -3    3    0
  -4  -10   -5   -7   35   -1   -5   -7   -5
  -4   24    6  -22    4   20    0  -26   -2
   2  -30   -7  -11   70   -8   -4  -23    0
   0  -19   -2   13  -15  -25   15   28    3
   7    4   -9  -25   35   -3   -4  -24   16
  -9    2   23    4  -41    9   29    5  -10
  -1   21    0   13   29    1   -9   -9  -25
   0   -8   -2  -11   14  -22   -3   35  -12
 -20    3   -9    2   52    7   -9    7  -15
   9   -5   -8   28   -3  -26   10    4   -9
  -2   17   12   10  -20    9    9   10    8
  -9   -1    8   -2   38  -27   11  -18  -11
   4   22    6  -17    0   16   -6  -22   -3
   6   -6   14   28  -52   27   13   -8    4
  -1   -3    0  -10  -26   37   -4   -4    8
   2  -12   -1   26  -24   -4   14    7   -6
   5   34    7   -9  -32   -7   -1   11   -4
   2  -22   13    2  -48   55   -6   -5    6
  -3   13    6  -12  -36  -31    2   20   -5
   4   43    4    3 -103   -1    5   48    6
  12  -16   11  -10  -77  -20    7  -23   10
  -5  -19    2    8   25   39    0   -7  -10
   1   19    6  -11  -32   -4   11   10   -1
  -5  -20    2   18   -9  -17   11   14   -9
  -7   -2   19   -6   -3    0    9   16  -22
  -6  -13   -8   -9    1    9   -6   17   18
  11   -6    7  -14  -30  -13    6  -12    4
   6  -22    4    4  -12    1    7  -26    7
  -3  -22   -6   -2   -5    2    2   28    5
  -7    2    3   -1   45    8    3    8   -8
 -11   -3    8   -3   29   15  -13    8    0
   1   -7    1  -14  -51  -13    9   59    8
   5    0   -4   31    0  -27    9   -7   -1
   3   40   -1   -2   -6    0   -1  -35    0
   1    0    2  -17  -30   45   -5   -2    6
  -4   -9   -7  -10   37   -8   -6   -6   -6
   5   30    9   -5   -6   -6   -3  -19   -6
   1    7    4   -6  -30   -9   10   21    4
 -11   -1  -12    3   27    3  -15    5  -38
  -1    0    0   -1  -48   -1    1   -1    0
   8   31    7   17  -33   -6   -1   -8  -10
  -3  -19   -2  -19   35  -16   -4  -16   -6
  -7    0    6  -26    3   24  -10    1    9
   4    1   -6   25    1  -27    5    2   -8
  10  -15   -1  -23   56  -33   -9   -4   -1
   3  -22    6   40  -82   22    7   -9    2
  -4  -21   -9  -16   50  -12   -9  -12   -3
  -5   -7   -4   -9   52   -5   -5   -5   -8
  -1  -28   -5    4   -6   -2   -3   37    5
  -1   -1    0    3   38    4   -1    2    0
   9   -4  -14   21    0  -12   13   -3  -15
   2    4   -2    3   28    9    3    5    0
   8  -11    9   11  -31   12    9  -11    6
   0  -29   -6   -6   51   -2   -3  -16   -5
 -14   -3    2   -1    9    1   -2    3  -15
   8   38    5   -5  -20   -8   -4  -18   -2
  -9  -18   -6  -14   64   -2   -2   -5   -4
   3  -16   -1  -30   66  -24   -3  -16    6
  -3   -1    2   -1   -8   -7    5   -8   -3
  -2  -15   -5   23   12  -19   -6   15    5
  -2  -14   -1  -15   43  -14   -5  -16   -3
   2    6    5    1   34    3    6    2    6
   3    8  -40   11   34    7  -23   16    6
  -6  -27   -6   -3   39    2    0   -5   -4
  15   19   10   10  -48    7   10  -13    7
  -1  -25   -5   -6  -14    2    2   31   15
  -3   10   -9  -14   37  -16   -4   13  -10
  -3   -1   11   -1  -28   28    4  -12    2
  -4  -20   -6   -3   14   25    2   10  -20
 -11  -16   -9  -13   52   -8  -13   -5  -14
  15  -26   22  -30  -93  -14   22  -17   -4
  -3  -11    1   -4  -50   -9    6   59   12
  -4    6   -5  -12  -42  -13    8   46   22
  -3  -10   -2   -9   24   -9   -3   -7   -5
   5   -3    1   -3    9   -8   -2  -24   -6
 -11    4    3  -20    5   22   -4   -3    5
